PING www.cam.ac.uk.cdn.cloudflare.net (104.16.205.250): 56 data bytes

{
    "1": {
        "10.0.0.1": [
            0.16947197914123535,
            0.01690196990966797,
            0.011981964111328125,
            0.015125036239624023,
            0.021373987197875977,
            0.013344049453735352,
            0.020884990692138672,
            0.01729893684387207,
            0.02166295051574707,
            0.049005985260009766,
            0.030587196350097656,
            0.08114218711853027,
            0.015383005142211914,
            0.019099950790405273,
            0.024554014205932617,
            0.015481948852539062,
            0.029970884323120117,
            0.07156991958618164,
            0.012283802032470703,
            0.015343189239501953,
            0.016849994659423828,
            0.014926910400390625,
            0.019841909408569336,
            0.03847098350524902,
            0.025104045867919922,
            0.0229489803314209
        ]
    },
    "2": {
        "190.104.243.169": [
            0.022248029708862305,
            0.018585920333862305,
            0.02636408805847168,
            0.017127037048339844,
            0.016930103302001953,
            0.015826940536499023,
            0.021438121795654297,
            0.028716087341308594,
            0.023513078689575195,
            0.020036935806274414,
            0.02066206932067871,
            0.020155906677246094,
            0.018038034439086914,
            0.02306079864501953,
            0.11220097541809082,
            0.03292107582092285,
            0.02464604377746582,
            0.029217004776000977,
            0.06879401206970215,
            0.08331918716430664,
            0.029458999633789062,
            0.018930912017822266,
            0.021118879318237305,
            0.016416072845458984,
            0.019742965698242188,
            0.01715397834777832,
            0.02402782440185547,
            0.023116111755371094,
            0.023866891860961914
        ]
    },
    "3": {
        "190.12.125.193": [
            0.022938013076782227,
            0.019982099533081055,
            0.015106201171875,
            0.020947933197021484,
            0.015903949737548828,
            0.01725316047668457,
            0.0252230167388916,
            0.01775383949279785,
            0.02531290054321289,
            0.022548913955688477,
            0.017448902130126953,
            0.019069910049438477,
            0.01668095588684082,
            0.017261028289794922,
            0.014746904373168945,
            0.06741595268249512,
            0.018976926803588867,
            0.025461912155151367,
            0.0321497917175293,
            0.02670907974243164,
            0.06147885322570801,
            0.019909143447875977,
            0.01657891273498535,
            0.01755499839782715,
            0.01587700843811035,
            0.022726058959960938,
            0.016863107681274414,
            0.018596887588500977,
            0.017069101333618164,
            0.016185998916625977
        ]
    },
    "4": {
        "190.104.192.129": [
            0.022868871688842773,
            0.12821006774902344,
            0.025728940963745117,
            0.04320788383483887,
            0.456920862197876,
            0.14107084274291992,
            0.024049043655395508,
            0.03859901428222656,
            0.22024202346801758,
            0.018872976303100586,
            0.05930900573730469,
            0.045110225677490234,
            0.021374940872192383,
            0.026550769805908203,
            0.014555931091308594,
            0.0742349624633789,
            0.11899900436401367,
            0.06026315689086914,
            0.03607892990112305,
            0.09256196022033691,
            0.05975914001464844,
            0.028297901153564453,
            0.04054617881774902,
            0.0890810489654541,
            0.048768043518066406,
            0.0290679931640625,
            0.06099581718444824,
            0.06689119338989258
        ]
    },
    "5": {
        "190.104.192.50": [
            0.02586197853088379,
            0.017195940017700195,
            0.021440982818603516,
            0.02079486846923828,
            0.04805493354797363,
            0.01691293716430664,
            0.014802932739257812,
            0.027676105499267578,
            0.06890583038330078,
            0.10402488708496094,
            0.32564687728881836,
            0.22991704940795898,
            1.1901710033416748,
            0.45079898834228516,
            0.01994180679321289,
            0.016375064849853516,
            0.02112293243408203,
            0.01762700080871582,
            0.025480031967163086,
            0.03844809532165527,
            0.015916824340820312,
            0.01584005355834961,
            0.034197092056274414,
            0.03691887855529785,
            0.0199739933013916,
            0.013736963272094727,
            0.026447057723999023,
            0.015451908111572266
        ]
    },
    "6": {
        "200.0.17.181": [
            0.0166628360748291,
            0.050889015197753906,
            0.029874086380004883,
            0.06148099899291992,
            0.07688498497009277,
            0.03432202339172363,
            0.024276018142700195,
            0.020548105239868164,
            0.024235010147094727,
            0.0347590446472168,
            0.08414602279663086,
            0.05823087692260742,
            0.03148198127746582,
            0.027452945709228516,
            0.015676021575927734,
            0.03619217872619629,
            0.024461030960083008,
            0.018721818923950195,
            0.08784699440002441,
            0.019225120544433594,
            0.015337944030761719,
            0.018451929092407227,
            0.130357027053833,
            0.021783828735351562,
            0.08199095726013184,
            0.020595073699951172,
            0.015479087829589844,
            0.015941143035888672,
            0.016479969024658203
        ]
    },
    "7": {
        "104.16.205.250": [
            0.14745402336120605,
            0.024271011352539062,
            0.05848097801208496,
            0.023936986923217773,
            0.02133011817932129,
            0.014829158782958984,
            0.02635979652404785,
            0.015475988388061523,
            0.021982192993164062,
            0.0856468677520752,
            0.022974014282226562,
            0.05594301223754883,
            0.042738914489746094,
            0.015691041946411133,
            0.018426895141601562,
            0.02331686019897461,
            0.058689117431640625,
            0.0440678596496582,
            0.06464910507202148,
            0.06362485885620117,
            0.030740976333618164,
            0.0598149299621582,
            0.02969217300415039,
            0.02711796760559082,
            0.0204620361328125,
            0.21872210502624512,
            0.16050982475280762,
            0.0738060474395752,
            0.018381834030151367
        ]
    }
}
