HOST
====

www.kyoto-u.ac.jp

JSON
====

{
    "1": {
        "rtts": {
            "10.0.0.1": [
                0.08655786514282227,
                0.05917978286743164,
                0.05146193504333496,
                0.05757594108581543,
                0.0591890811920166,
                0.05560898780822754,
                0.05316805839538574,
                0.056282997131347656,
                0.05464887619018555,
                0.06949806213378906,
                0.05046391487121582,
                0.05948996543884277,
                0.05450797080993652,
                0.08370208740234375,
                0.05937385559082031,
                0.05949711799621582,
                0.060791015625,
                0.05861306190490723,
                0.05454611778259277,
                0.07454204559326172,
                0.06391096115112305,
                0.0820009708404541,
                0.07139301300048828,
                0.06654691696166992
            ]
        },
        "mean": 0.06260627508163452
    },
    "2": {
        "rtts": {
            "190.104.243.169": [
                0.07389593124389648,
                0.06357693672180176,
                0.0598139762878418,
                0.07791304588317871,
                0.07901597023010254,
                0.0595850944519043,
                0.07903218269348145,
                0.07951903343200684,
                0.07262992858886719,
                0.06627917289733887,
                0.07538390159606934,
                0.06375408172607422,
                0.06711912155151367,
                0.06278085708618164,
                0.06195688247680664,
                0.07122421264648438,
                0.05324292182922363,
                0.06544184684753418,
                0.06736397743225098,
                0.09938502311706543,
                0.06673216819763184,
                0.07026410102844238,
                0.06174802780151367,
                0.06768012046813965,
                0.07469916343688965,
                0.07732319831848145,
                0.08247089385986328,
                0.05883598327636719,
                0.054000139236450195,
                0.07090592384338379
            ]
        },
        "mean": 0.0694524606068929
    },
    "3": {
        "rtts": {
            "190.12.125.193": [
                0.0715019702911377,
                0.06289792060852051,
                0.07454109191894531,
                0.05544900894165039,
                0.05897879600524902,
                0.0634920597076416,
                0.05143904685974121,
                0.06638503074645996,
                0.07371687889099121,
                0.05184602737426758,
                0.055477142333984375,
                0.06369805335998535,
                0.06361007690429688,
                0.06768298149108887,
                0.06701803207397461,
                0.06327509880065918,
                0.06699419021606445,
                0.05989885330200195,
                0.05570197105407715,
                0.07387685775756836,
                0.07389092445373535,
                0.07178592681884766,
                0.06617498397827148,
                0.05913186073303223,
                0.0824270248413086,
                0.08193683624267578,
                0.06549382209777832,
                0.050316810607910156,
                0.05775594711303711,
                0.10706281661987305
            ]
        },
        "mean": 0.06611526807149251
    },
    "4": {
        "rtts": {
            "190.104.192.129": [
                0.05881810188293457,
                0.05533289909362793,
                0.07494616508483887,
                0.052503108978271484,
                0.05370807647705078,
                0.07704305648803711,
                0.06359195709228516,
                0.06728792190551758,
                0.05137491226196289,
                0.07076692581176758,
                0.07470989227294922,
                0.06963491439819336,
                0.06281805038452148,
                0.0510101318359375,
                0.0764780044555664,
                0.0740659236907959,
                0.07962417602539062,
                0.05313611030578613,
                0.07519102096557617,
                0.07120895385742188,
                0.0754709243774414,
                0.0744471549987793,
                0.06278610229492188,
                0.06678390502929688,
                0.07926201820373535,
                0.06115913391113281,
                0.09936094284057617,
                0.08919715881347656,
                0.07458686828613281,
                0.06374287605285645
            ]
        },
        "mean": 0.06866824626922607
    },
    "5": {
        "rtts": {
            "195.22.220.113": [
                0.06783699989318848,
                0.0746769905090332,
                0.08188891410827637,
                0.08345603942871094,
                0.0824129581451416,
                0.08315110206604004,
                0.06582403182983398,
                0.06937217712402344,
                0.07887792587280273,
                0.08667111396789551,
                0.07965803146362305,
                0.05936098098754883,
                0.07625603675842285,
                0.057138919830322266,
                0.06713604927062988,
                0.059823036193847656,
                0.05920886993408203,
                0.0696408748626709,
                0.05530095100402832,
                0.0540468692779541,
                0.07410907745361328,
                0.06808996200561523,
                0.059504032135009766,
                0.07388710975646973,
                0.06047391891479492,
                0.0871121883392334,
                0.05819511413574219,
                0.055474042892456055,
                0.052336931228637695,
                0.06749796867370605
            ]
        },
        "mean": 0.06894730726877848
    },
    "6": {
        "rtts": {
            "195.22.219.3": [
                0.09011507034301758,
                0.08581304550170898,
                0.08363103866577148,
                0.0866391658782959,
                0.09122610092163086,
                0.09435701370239258,
                0.07903409004211426,
                0.0833590030670166,
                0.08371400833129883,
                0.08287787437438965,
                0.1072700023651123,
                0.08727598190307617,
                0.09409213066101074,
                0.09811091423034668,
                0.09350299835205078,
                0.0865030288696289,
                0.07935500144958496,
                0.08314895629882812,
                0.07905197143554688,
                0.08276796340942383,
                0.0915670394897461,
                0.09157013893127441,
                0.09076595306396484,
                0.09374785423278809,
                0.08646512031555176,
                0.08711981773376465,
                0.09860491752624512,
                0.09031105041503906,
                0.0984029769897461,
                0.08647894859313965
            ]
        },
        "mean": 0.08889597256978353
    },
    "7": {
        "rtts": {
            "149.3.181.65": [
                0.09100484848022461,
                0.07843780517578125,
                0.09142684936523438,
                0.0872349739074707,
                0.08736991882324219,
                0.08982110023498535,
                0.08757710456848145,
                0.0915379524230957,
                0.08711600303649902,
                0.09957313537597656,
                0.10255193710327148,
                0.09961295127868652,
                0.09974503517150879,
                0.09482097625732422,
                0.09060096740722656,
                0.09845519065856934,
                0.10324597358703613,
                0.0946650505065918,
                0.08449387550354004,
                0.10055899620056152,
                0.09934210777282715,
                0.09433698654174805,
                0.08679604530334473,
                0.09461402893066406,
                0.09142899513244629,
                0.07980489730834961,
                0.08757185935974121,
                0.0937349796295166,
                0.08256292343139648,
                0.0869290828704834
            ]
        },
        "mean": 0.09189908504486084
    },
    "8": {
        "rtts": {
            "129.250.2.224": [
                0.1994621753692627,
                0.19800806045532227,
                0.18860387802124023,
                0.21903204917907715,
                0.18970608711242676,
                0.21924090385437012,
                0.19023895263671875,
                0.19533181190490723,
                0.20016098022460938,
                0.20500588417053223,
                0.209428071975708,
                0.1912989616394043,
                0.19481515884399414,
                0.20478296279907227,
                0.20675301551818848,
                0.20632600784301758,
                0.20307683944702148,
                0.1955881118774414,
                0.20193886756896973,
                0.20803308486938477,
                0.23461103439331055,
                0.23493194580078125,
                0.20977520942687988,
                0.21933603286743164,
                0.19908618927001953,
                0.19448614120483398,
                0.21331405639648438,
                0.21075892448425293,
                0.2063579559326172,
                0.2030620574951172
            ]
        },
        "mean": 0.2050850470860799
    },
    "9": {
        "rtts": {
            "129.250.2.86": [
                0.2343461513519287,
                0.22373414039611816,
                0.22708916664123535,
                0.21839690208435059,
                0.22955894470214844,
                0.21649789810180664,
                0.2259829044342041,
                0.22691702842712402,
                0.23502397537231445,
                0.22685003280639648,
                0.21741986274719238,
                0.22309613227844238,
                0.21844792366027832,
                0.21784710884094238,
                0.22174715995788574,
                0.22965192794799805,
                0.214080810546875,
                0.23380517959594727,
                0.24226593971252441,
                0.23365521430969238,
                0.23131299018859863,
                0.22639799118041992,
                0.21143198013305664,
                0.22342896461486816,
                0.22231602668762207,
                0.22140789031982422,
                0.22709417343139648,
                0.2289750576019287,
                0.23180699348449707,
                0.2328791618347168
            ]
        },
        "mean": 0.22578218777974446
    },
    "10": {
        "rtts": {
            "129.250.6.237": [
                0.3830411434173584,
                0.29046106338500977,
                0.28757405281066895,
                0.42667412757873535,
                0.5016729831695557,
                0.5059819221496582,
                0.41774606704711914,
                0.39447784423828125,
                0.4111809730529785,
                0.39914989471435547,
                0.30969691276550293,
                0.29846978187561035,
                0.29296088218688965,
                0.301908016204834,
                0.29463696479797363,
                0.41249704360961914,
                0.28611207008361816,
                0.3586080074310303,
                0.2949819564819336,
                0.29918694496154785,
                0.3029799461364746,
                0.3184490203857422,
                0.3658931255340576,
                0.43085503578186035,
                0.41727495193481445,
                0.5060920715332031,
                0.493121862411499,
                0.4110848903656006,
                0.30246400833129883,
                0.498121976852417
            ]
        },
        "mean": 0.37377851804097495
    },
    "11": {
        "rtts": {
            "129.250.2.131": [
                0.609320878982544,
                0.6052629947662354,
                0.6110870838165283,
                0.610306978225708,
                0.49823880195617676,
                0.4150509834289551,
                0.41034603118896484,
                0.4133639335632324,
                0.4141662120819092,
                0.40752696990966797,
                0.4841129779815674,
                0.4112358093261719,
                0.4104328155517578,
                0.41631603240966797,
                0.42534399032592773,
                0.4145638942718506,
                0.4105808734893799,
                0.4104130268096924,
                0.4087231159210205,
                0.4109818935394287,
                0.42575907707214355,
                0.4059591293334961,
                0.5415570735931396,
                0.42469286918640137,
                0.41913604736328125,
                0.4055290222167969,
                0.41086888313293457,
                0.4148240089416504
            ]
        },
        "mean": 0.4516321931566511
    },
    "12": {
        "rtts": {
            "129.250.5.39": [
                0.4018869400024414,
                0.4143638610839844,
                0.5277550220489502,
                0.5147440433502197,
                0.6106019020080566,
                0.6023921966552734,
                0.5100889205932617,
                0.5112988948822021,
                0.6152548789978027,
                0.39904308319091797,
                0.4025101661682129,
                0.39649009704589844,
                0.5229189395904541,
                0.5029089450836182,
                0.41277480125427246,
                0.406512975692749,
                0.5831310749053955,
                0.513300895690918,
                0.6063430309295654,
                0.40711307525634766,
                0.40212392807006836,
                0.603585958480835,
                0.6064400672912598,
                0.39110803604125977,
                0.4222230911254883,
                0.429732084274292,
                0.4228549003601074,
                0.41175007820129395,
                0.40446996688842773,
                0.400954008102417
            ]
        },
        "mean": 0.47855586210886636
    },
    "13": {
        "rtts": {
            "129.250.3.232": [
                0.4069969654083252,
                0.41439294815063477,
                0.40546703338623047,
                0.4031698703765869,
                0.4060211181640625,
                0.3973658084869385,
                0.4068939685821533,
                0.5429220199584961,
                0.4030940532684326,
                0.4179651737213135,
                0.4073069095611572,
                0.40506482124328613,
                0.39704179763793945,
                0.40755510330200195,
                0.41257691383361816,
                0.42095398902893066,
                0.40555405616760254,
                0.39633989334106445,
                0.41306304931640625,
                0.4097931385040283,
                0.4314391613006592,
                0.42679286003112793,
                0.43982911109924316,
                0.42075395584106445,
                0.39489006996154785,
                0.4149298667907715,
                0.4034709930419922,
                0.3941950798034668,
                0.41523003578186035
            ]
        },
        "mean": 0.4145196470721015
    },
    "14": {
        "rtts": {
            "61.200.91.154": [
                0.39565300941467285,
                0.4032168388366699,
                0.39828014373779297,
                0.3844180107116699,
                0.4148390293121338,
                0.41927599906921387,
                0.40268898010253906,
                0.40230703353881836,
                0.39914512634277344,
                0.3942539691925049,
                0.401947021484375,
                0.391430139541626,
                0.418781042098999,
                0.3908851146697998,
                0.4073212146759033,
                0.40572094917297363,
                0.39061999320983887,
                0.4023740291595459,
                0.41576719284057617,
                0.40284085273742676,
                0.4045140743255615,
                0.4346590042114258,
                0.3950052261352539,
                0.3952209949493408,
                0.4021430015563965,
                0.46474695205688477,
                0.39481091499328613,
                0.4157719612121582,
                0.38707590103149414
            ]
        },
        "mean": 0.40467978345936745
    },
    "15": {
        "rtts": {
            "150.99.78.104": [
                0.4136490821838379,
                0.3893759250640869,
                0.40105319023132324,
                0.47865986824035645,
                0.3948071002960205,
                0.5297079086303711,
                0.39878320693969727,
                0.403231143951416,
                0.6031858921051025,
                0.6067180633544922,
                0.4062800407409668,
                0.5111639499664307,
                0.49492692947387695,
                0.6148431301116943,
                0.6022741794586182,
                0.42280077934265137,
                0.3922719955444336,
                0.5872230529785156,
                0.41629600524902344,
                0.4021620750427246,
                0.406278133392334,
                0.5345909595489502,
                0.3955719470977783,
                0.5221679210662842,
                0.41489315032958984,
                0.598567008972168,
                0.5115020275115967,
                0.5819501876831055,
                0.595628023147583,
                0.6103730201721191
            ]
        },
        "mean": 0.48803119659423827
    },
    "19": {
        "rtts": {
            "133.3.250.46": [
                0.5401990413665771,
                0.5980391502380371,
                0.5158429145812988,
                0.6038379669189453,
                0.40576887130737305,
                0.6003329753875732,
                0.6094369888305664,
                0.5069360733032227,
                0.5029909610748291,
                0.4060099124908447,
                0.3950459957122803,
                0.4031209945678711,
                0.40363597869873047,
                0.3877899646759033,
                0.39998793601989746,
                0.4038670063018799,
                0.3856971263885498,
                0.41744399070739746,
                0.39821815490722656,
                0.39832401275634766,
                0.398406982421875,
                0.41022706031799316,
                0.3996889591217041,
                0.3953878879547119,
                0.4057610034942627,
                0.39839601516723633,
                0.5511481761932373,
                0.5095510482788086,
                0.6046478748321533,
                0.5157489776611328
            ]
        },
        "mean": 0.4623830000559489
    }
}

PREDICTIONS
===========

[('129.250.6.237', 0.1479963302612305), ('129.250.2.224', 0.11318596204121907), ('150.99.78.104', 0.08335141313487082), ('129.250.2.131', 0.07785367511567615)]

LOCATIONS
=========

